        50         4
         1      john 98.000000 86.000000 90.000000 91.000000       365        91
         2     sarah 87.000000 92.000000 81.000000 88.000000       348        87
         3 chistoper 94.000000 76.000000 89.000000 93.000000       352        88
         4      lisa 88.000000 84.000000 93.000000 82.000000       347        87
         5     james 92.000000 81.000000 79.000000 85.000000       337        84
         6  jennifer 85.000000 90.000000 87.000000 89.000000       351        88
         7    robert 78.000000 82.000000 95.000000 90.000000       345        86
         8   jessica 91.000000 85.000000 82.000000 97.000000       355        89
         9   william 79.000000 88.000000 80.000000 93.000000       340        85
        10       amy 83.000000 87.000000 92.000000 76.000000       338        84
        11      mark 96.000000 94.000000 88.000000 86.000000       364        91
        12     laura 82.000000 79.000000 94.000000 99.000000       354        88
        13    daniel 77.000000 98.000000 81.000000 87.000000       343        86
        14     emily 89.000000 75.000000 85.000000 80.000000       329        82
        15     david 93.000000 89.000000 76.000000 91.000000       349        87
        16    angela 86.000000 93.000000 84.000000 83.000000       346        86
        17    thomas 75.000000 95.000000 90.000000 78.000000       338        84
        18   melissa 94.000000 77.000000 83.000000 92.000000       346        86
        19     brian 69.000000 85.000000 91.000000 88.000000       333        83
        20    nicole 73.000000 91.000000 86.000000 85.000000       335        84
        21   charles 81.000000 89.000000 77.000000 96.000000       343        86
        22 elizabeth 88.000000 83.000000 90.000000 81.000000       342        86
        23    joseph 95.000000 90.000000 92.000000 87.000000       364        91
        24     susan 74.000000 88.000000 80.000000 89.000000       331        83
        25   richard 90.000000 81.000000 76.000000 94.000000       341        85
        26  kimberly 80.000000 86.000000 89.000000 84.000000       339        85
        27   anthony 97.000000 74.000000 85.000000 82.000000       338        84
        28     megan 71.000000 82.000000 95.000000 90.000000       338        84
        29     kevin 84.000000 93.000000 82.000000 75.000000       334        84
        30   rebecca 85.000000 91.000000 83.000000 86.000000       345        86
        31    steven 92.000000 80.000000 88.000000 79.000000       339        85
        32     karen 67.000000 96.000000 78.000000 87.000000       328        82
        33    george 82.000000 92.000000 84.000000 95.000000       353        88
        34    jessie 91.000000 78.000000 87.000000 88.000000       344        86
        35     scott 76.000000 84.000000 79.000000 93.000000       332        83
        36    lauren 82.000000 77.000000 91.000000 86.000000       336        84
        37    edward 89.000000 83.000000 95.000000 77.000000       344        86
        38   deborah 78.000000 90.000000 88.000000 81.000000       337        84
        39   bradley 80.000000 85.000000 93.000000 74.000000       332        83
        40 alexandra 93.000000 87.000000 77.000000 92.000000       349        87
        41    joshua 94.000000 76.000000 89.000000 85.000000       344        86
        42 stephanie 77.000000 94.000000 86.000000 88.000000       345        86
        43christopher 81.000000 78.000000 92.000000 90.000000       341        85
        44   heather 90.000000 85.000000 74.000000 89.000000       338        84
        45      gary 73.000000 79.000000 85.000000 91.000000       328        82
        46  patricia 88.000000 80.000000 76.000000 92.000000       336        84
        47   jeffrey 92.000000 73.000000 95.000000 80.000000       340        85
        48   cynthia 83.000000 89.000000 90.000000 82.000000       344        86
        49   gregory 79.000000 95.000000 81.000000 83.000000       338        84
        50      anna 86.000000 82.000000 88.000000 94.000000       350        88
